46	56	0.182408177642365	0.148648896046547	99.1473681048343	60.3959851264954	245384
83	59	0.214243382689631	0.144308050853204	99.157894912519	72.8000619411469	517260
50	139	0.49419251042577	0.0279168651464654	98.5894736490752	64.7550377845764	271476
95	107	0.85633112758568	0.0390645667396757	99.105263383765	74.3215970993042	620136
32	56	0.410487007382236	0.214727873156254	99.2105264412729	65.9937200546265	160362
78	132	0.560352250445848	0.0471148913681944	98.5473679868798	68.2188248634338	476520
42	37	0.869494262752203	0.013143989939859	98.8842110884817	63.9308660030365	220092
18	61	0.795641454697461	0.0789410943102409	98.8736839670884	66.8232808113098	85140
41	22	0.851073961304264	0.165641412638998	10.6315789254088	71.3771820068359	213894
50	16	0.554907265038155	0.0893276043098893	98.5052629521019	69.1541619300842	271476
26	195	0.825142943607213	0.0885676605595913	98.9999996988397	64.5991380214691	126924
10	146	0.270701484952389	0.213142973940155	98.6210531310031	68.2440299987793	46556
46	107	0.744259508183502	0.0507350814781409	99.042105361035	72.4715452194214	245384
75	16	0.002649720471675	0.0710992633213356	98.8526312928451	68.9675269126892	452676
48	37	0.455913409727915	0.0172707713506167	98.7473685490458	77.1634569168091	258330
88	74	0.617659910290863	0.0168823245385875	98.2105270812386	72.5950129032135	559250
93	183	0.19401397645709	0.0527281247187977	98.0210533267573	77.0861251354218	602490
10	143	0.507172092531727	0.0916051677247517	98.4526314233479	67.3785300254822	46556
70	165	0.559987480819917	0.216521531060013	99.000000326257	75.3599970340729	413936
43	29	0.692051861612355	0.0402186772419066	99.084210395813	68.2049889564514	226340
86	34	0.692875464204399	0.0651988810016677	98.9473681700857	63.6513311862946	542304
92	25	0.690273721360027	0.0137690269972734	98.5894742764925	75.8928759098053	593742
90	91	0.772581807213122	0.0312127985143476	98.6315786838531	68.9711818695068	576396
72	54	0.175155460904082	0.0380394835036611	98.3789475340592	63.3257601261139	429282
43	52	0.888900741837699	0.0167564213279554	98.9473681700857	63.3449709415436	226340
18	69	0.897187771679669	0.029226938280639	98.8736842807971	67.7327961921692	85140
70	86	0.848599019932371	0.139444175741745	98.6421054915378	77.8070750236511	413936
85	79	0.444728108146757	0.0609514729984521	98.6315796249791	74.5870721340179	533906
90	162	0.307965643648548	0.0248515983609268	97.8105265843241	74.9328210353851	576396
71	39	0.908211090762745	0.0181070183871041	98.8947366413317	80.7892620563507	421584
34	120	0.928432668036425	0.0325789946442199	98.9578949777704	66.8184430599213	171908
48	25	0.899443266873036	0.202854251335378	10.1368421394574	64.2510228157043	258330
31	50	0.38681085626718	0.125184861918297	99.0210526867917	66.0414130687714	154664
13	78	0.880542959187405	0.0371601078533934	98.6736843460484	64.603667974472	60650
93	78	0.618112180071462	0.24847219131915	98.8631574731124	76.6426749229431	602490
72	234	0.584633139562727	0.0103619689847191	96.3052627287413	70.07825922966	429282
42	39	0.436214098384968	0.0191387595383518	98.6105263233185	76.8621189594269	220092
78	66	0.350403315482889	0.22250703290257	98.9052625078904	63.5350000858307	476520
35	58	0.767171140881082	0.0129328070324465	98.6631581657811	65.2971861362457	177756
18	18	0.037352010353376	0.164937460334625	98.6210525035858	75.6749420166016	85140
57	52	0.930973795824964	0.0760549425500465	73.3263160053052	76.0215198993683	319062
71	22	0.178789289510856	0.0990990925688698	98.6421058052464	69.5441558361053	421584
16	19	0.504450366878389	0.029078135648181	98.5263168811798	79.1876440048218	75194
24	51	0.80122458795947	0.145062666298167	95.1368419747604	66.8079500198364	116178
86	128	0.31383195301825	0.0370504925500975	98.105262768896	76.875107049942	542304
15	29	0.497554975626009	0.0454518889482908	98.6947367065831	64.0495309829712	70296
79	42	0.981036167578618	0.0377968595900144	10.6315789254088	72.2853558063507	484568
74	40	0.0829002023021961	0.0821887619448239	98.957895291479	77.5086920261383	444828
73	233	0.0143963160704461	0.0575357209630413	97.5789484224821	70.9807651042938	437030
76	228	0.177545145270735	0.0419205651647759	97.3789475466076	72.1312549114227	460574
80	90	0.765248843424496	0.0254913081026472	98.6421051778291	76.8262369632721	492666
18	36	0.729535016241429	0.157730906237274	10.8947368828874	63.2714190483093	85140
77	54	0.0652297756632411	0.218176197638242	99.0421050473263	71.9344818592072	468522
81	189	0.149407420620441	0.0218620335973972	96.6947370453885	66.7230041027069	500814
16	22	0.676902924260657	0.126502906020773	92.5473680621699	74.4471487998962	75194
81	24	0.514525018190138	0.039490089614831	98.8210530657517	61.1302559375763	500814
12	199	0.820284339132199	0.0750044053789642	98.7789470898478	66.5143070220947	55902
46	40	0.60395656035999	0.263954060370726	95.1684205155624	74.8883049488068	245384
83	66	0.973795182601352	0.085209598980598	10.6315789254088	82.1271660327911	517260
47	27	0.414004025055505	0.141021827270743	98.7157893808265	72.2406990528107	251832
35	22	0.171997451701099	0.299338606463125	93.8947363903648	71.8218080997467	177756
24	101	0.703128842079402	0.0189852030538978	98.3473686795486	64.8489129543304	116178
22	17	0.143182706230937	0.101118042386591	98.6947367065831	63.8972389698029	105632
25	145	0.377925003716844	0.0113414287976445	96.8000001028964	63.6164579391479	121526
77	168	0.536868313250167	0.0154377493502904	97.3894743542922	64.8393590450287	468522
43	85	0.0958705131711605	0.180136103931856	98.9473681700857	67.4601728916168	226340
59	145	0.575178847875757	0.0349068038329365	98.2210532615059	69.9774069786072	333108
79	235	0.446419555604353	0.0932562696912619	98.2210526340886	63.7960319519043	484568
30	19	0.820088156648395	0.0271357793866096	98.6736840323398	64.3117871284485	149016
52	40	0.322599607010849	0.0101132870182244	97.915789641832	70.544713973999	284822
14	53	0.206838172094531	0.145768763901002	98.6210515624599	74.8300681114197	65448
92	59	0.605673712519903	0.235904439632081	98.8421051125777	80.1979751586914	593742
48	113	0.0371953095944744	0.209943466479808	99.1052630700563	65.4715368747711	258330
34	162	0.89386165807992	0.242428231675046	96.0947366137254	68.4586560726166	171908
65	88	0.465440990391762	0.0421302570829924	98.7157893808265	77.1067290306091	376446
21	122	0.992414416181262	0.0162238182003069	94.5263150491213	67.642914056778	100434
63	121	0.0798005620277999	0.100661143580802	98.6421048641205	62.0100929737091	361800
96	204	0.730095986927879	0.0129376404224753	97.000000037645	65.1696360111237	629034
14	85	0.0663662996014531	0.0578606758772734	98.0842104083613	72.5138669013977	65448
95	25	0.733596796590104	0.0143056937895707	98.7263161885111	77.5902209281921	620136
12	44	0.799927486945602	0.0171602011854954	98.7684209095804	72.5954868793488	55902
97	66	0.352567060974744	0.0724831627901789	98.7473691764631	69.6067028045654	637982
12	45	0.25122913069094	0.170313758247673	98.6842114674418	66.6906061172485	55902
31	81	0.386459948475217	0.0169468015959197	97.9894738448294	61.8799848556519	154664
13	39	0.485031600351312	0.0210705156869467	98.168420791626	64.6181910037994	60650
99	125	0.99324324813528	0.0424995443112287	10.6315789254088	63.1363890171051	656028
43	46	0.215821995287712	0.168369286927906	98.7894729564064	67.8721969127655	226340
90	87	0.702951881178514	0.0913496403262344	98.8631577868211	67.1773431301117	576396
44	147	0.0467345914104697	0.0780688161058425	98.5894733353665	63.4524188041687	232638
34	188	0.076175964747223	0.0154186130233959	96.1368422759207	63.9269371032715	171908
78	201	0.988289718398087	0.139621195477828	10.6315789254088	65.7353339195251	476520
40	49	0.260286311507272	0.0633733817338662	99.0842100821043	72.4372560977936	207746
18	32	0.400798191904249	0.024341252078696	98.5157903872038	62.1598088741302	85140
93	56	0.826361749380155	0.0792617149505611	99.2105258138556	87.4398050308228	602490
50	145	0.106091381467511	0.0149373444517853	96.4842106166639	69.0997669696808	271476
37	76	0.152684047362541	0.104690673341292	98.978947338305	72.3003561496735	189602
21	245	0.126609604420895	0.0122633764858758	94.5684213387339	63.2901468276978	100434
45	180	0.447244179080225	0.0240301812386991	97.8526328739367	61.9916481971741	238986
18	240	0.695647778278541	0.0203063381333464	97.7789477298134	60.8898150920868	85140
12	98	0.410867498980533	0.215849564201407	98.4947367718345	63.3184130191803	55902
39	23	0.703783015541326	0.0376192527768457	99.0315791807677	69.5684490203857	201648
10	91	0.369920057351007	0.0890709578606668	98.5263149989279	61.350123167038	46556
96	26	0.483431152568372	0.0544811006846481	98.7157896945351	80.0833139419556	629034
38	70	0.0343675096340931	0.0794111272835853	98.7789474035564	60.6952290534973	195600
11	57	0.65189035562282	0.0295265737228535	98.4315790628132	65.8875679969788	51204
46	19	0.157020848846138	0.0468271768485169	98.8421047988691	78.0070188045502	245384
25	49	0.158866839408908	0.033061560799526	98.4947373992518	67.5817289352417	121526
60	244	0.951100979124016	0.0199019983390984	99.021053314209	71.5733218193054	340206
71	26	0.649287545736571	0.0308489873994423	98.7789474035564	78.526389837265	421584
13	35	0.608206129037305	0.226580472251849	88.3789476595427	65.7291440963745	60650
88	154	0.05980168034938	0.011655784069036	94.5684203976079	65.4292449951172	559250
85	116	0.829648052895074	0.0393097047628725	98.8421054262864	76.2579200267792	533906
11	92	0.679903481028679	0.0105893166910038	97.6842102251555	69.7354531288147	51204
78	207	0.451545039038386	0.222865588217616	98.8842101473557	66.7043590545654	476520
47	61	0.597260252235105	0.312117910078491	97.5473683131369	67.5761210918427	251832
87	103	0.173183756078499	0.0646270089010292	98.5368421203212	66.8532590866089	550752
10	125	0.961682369847102	0.0257604512180853	98.4105263885699	67.8435440063477	46556
82	31	0.442283562913847	0.0212114878568393	98.7052635142678	91.828742980957	509012
64	210	0.539698441109718	0.14324978415704	98.8736845945057	67.6518070697784	369098
56	38	0.432253630550746	0.0235158493569248	98.7473688627544	70.499990940094	312114
